1571314898 2
1571431946 48
1571495038 6440
1571614151 6431
1571765866 53728
1571865029 53615
1571867918 53615
1571912453 53760
1571912995 53760
1571936630 57382
1571941856 57382
1571998205 57384
1572000671 176999
1572004086 177005
1572004165 176984
1572203981 330785
1572268627 331101
1572531506 332074
1572717440 332077
1572717885 332102
1572723400 332103
1572824215 332121
1572865239 332454
1572874232 332449
1572874277 335628
1572986451 336756
1572987230 336758
1572992694 336778
1572998861 340234
1572999965 340237
1573000028 340510
1573000062 340517
1573004336 340529
1573004651 340529
1573009185 340548
1573012915 535370
1573012959 535370
1573013160 535370
1573013195 535370
1573038145 535372
1573051593 535389
1573051646 535392
1573051760 535604
1573051781 535616
1573054522 535616
1573054574 535890
1573078254 535891
1573078260 535897
1573078542 535897
1573085363 535975
1573086112 536004
1573086136 536004
1573090156 536047
1573127031 536056
1573127046 536287
1573129699 536288
1573129704 536295
1573130394 536295
1573132348 536315
1573132353 536299
1573133522 536300
1573133750 536300
1573133850 536299
1573133855 536300
1573134763 536304
1573134778 536324
1573134945 536324
